18 0.438780 0.373666 0.156353 0.285880
8 0.425842 0.733419 0.146994 0.123721
8 0.299494 0.380873 0.052852 0.240235
16 0.394737 0.614502 0.084783 0.181378
16 0.338307 0.470962 0.068817 0.182579
16 0.633671 0.691978 0.084783 0.192188
2 0.588251 0.507597 0.045695 0.150147
2 0.565955 0.720206 0.067166 0.142940
10 0.605043 0.314208 0.070469 0.174171
10 0.366659 0.299193 0.078177 0.180177
9 0.536776 0.382675 0.083682 0.231827
9 0.314633 0.611499 0.097445 0.216212
19 0.305549 0.728614 0.059458 0.094893
19 0.666703 0.314208 0.052852 0.116514
13 0.649086 0.488979 0.089187 0.218614
1 0.506496 0.545435 0.093592 0.281075