19 0.380803 0.758663 0.027396 0.134761
19 0.449542 0.612491 0.070233 0.092376
9 0.319038 0.702150 0.129010 0.202141
9 0.570084 0.709757 0.117055 0.258653
10 0.671448 0.552174 0.089659 0.199967
10 0.489888 0.668460 0.082188 0.210835
10 0.437587 0.745078 0.086173 0.192360
10 0.294381 0.392418 0.092648 0.184752
1 0.333981 0.596732 0.061267 0.165190
7 0.401973 0.479360 0.193266 0.376026
13 0.573072 0.502183 0.111078 0.199967
2 0.667464 0.767357 0.080693 0.184752
8 0.660739 0.376116 0.103108 0.304298