2 0.583313 0.785470 0.083682 0.171839
2 0.631615 0.553890 0.070761 0.175866
13 0.701760 0.533081 0.112602 0.260443
16 0.674686 0.766004 0.100295 0.232251
16 0.403950 0.652563 0.094142 0.225539
16 0.335343 0.497505 0.081221 0.221511
9 0.573468 0.404202 0.109525 0.265813
9 0.304886 0.642494 0.111371 0.253731
19 0.298425 0.784799 0.066453 0.111427
8 0.291041 0.388763 0.068915 0.283266
8 0.434716 0.809635 0.169210 0.136934
1 0.529781 0.584096 0.107064 0.340993
10 0.656535 0.313584 0.081221 0.216141
10 0.385491 0.324324 0.089220 0.213456
18 0.449175 0.416956 0.179670 0.366500