19 0.713539 0.494892 0.094142 0.138564
19 0.772564 0.149296 0.083682 0.167907
19 0.586895 0.104467 0.097878 0.104331
19 0.462493 0.115878 0.089659 0.130414
8 0.546548 0.670950 0.227884 0.353747
8 0.524880 0.423980 0.214435 0.208662
13 0.549910 0.272374 0.150926 0.277129
9 0.592872 0.723931 0.127764 0.407542
7 0.492005 0.684807 0.241333 0.577080
19 0.315675 0.819296 0.106844 0.102701
2 0.205096 0.430500 0.117304 0.185839
2 0.313060 0.674211 0.106097 0.226593
1 0.362747 0.273189 0.214435 0.246156
10 0.686267 0.214503 0.123282 0.268978