9 0.446802 0.358773 0.116557 0.322773
9 0.642558 0.500598 0.109085 0.306472
19 0.333981 0.573140 0.086671 0.105961
19 0.516288 0.447617 0.055290 0.174428
8 0.461372 0.778542 0.180066 0.229854
13 0.591751 0.362033 0.097131 0.264087
13 0.461745 0.792398 0.135983 0.264087
16 0.419531 0.622045 0.103855 0.242895
16 0.323521 0.740233 0.104603 0.251046
18 0.225269 0.567435 0.088912 0.498832
2 0.643305 0.794843 0.092648 0.145085
2 0.573072 0.838858 0.059773 0.216812
10 0.342573 0.330245 0.100867 0.210292