19 0.298408 0.762753 0.034286 0.158489
19 0.329207 0.734859 0.037773 0.084950
19 0.371339 0.602996 0.067411 0.087486
19 0.287657 0.378577 0.061599 0.158489
10 0.514296 0.773530 0.092980 0.177507
10 0.690377 0.726618 0.082520 0.215545
10 0.481462 0.388720 0.091237 0.171168
2 0.452987 0.675267 0.081939 0.181311
2 0.348675 0.816639 0.087169 0.182579
1 0.587517 0.601729 0.158066 0.262457
1 0.552069 0.520582 0.161553 0.186383
9 0.628777 0.342441 0.134821 0.220616
18 0.640400 0.637864 0.172013 0.334728
18 0.340830 0.482545 0.179568 0.356282
8 0.580544 0.866088 0.181311 0.157221